%初始化背包数据
global v vol w 
%体积
vol=[7 4 8 11 20 5 3 9 16 7 8 5 4 4 3 12];
%重量
w=[11 7 9 6 7 8 5 6 18 2 3 6 2 9 5 4];
%价值
v=[9 8 7 8 18 7 3 10 19 4 4 11 3 5 4 6];
